17537916 0.8232764117654449
17537913 0.8232051452732928
17537886 0.8230905499930493
17537857 0.8227783072849444
17537847 0.8223015794052733
17537836 0.821986866817799
17537831 0.8218548945858449
17537828 0.8218548945858449
17537825 0.8217938644237208
17537809 0.8217400696175416
17537808 0.8217400696175416
17537807 0.8217400696175416
17537804 0.8216080973855876
17537781 0.8216080973855876
17537780 0.8215544120954762
17537759 0.8215369404095033
17537755 0.8214920891286749
17537716 0.8214920891286749
17537707 0.8214920891286749
17537705 0.8212788151030238
